64291
44412
64980
40128
20775
8867
43522
7411
46047
60377
50648
34877
4805
55391
53141
63796
33721
25342
52123
10059
55730
41110
47698
16046
28173
11835
6126
62492
61239
59614
13870
50402
10567
1473
49791
39570
321
27164
3835
47482
53006
34480
10936
55037
1572
10565
40982
62286
42654
38512
58969
32688
18794
16917
33081
216
8012
55505
11626
43811
56641
14418
50838
65001
5745
60558
12861
39603
50528
52350
9638
5854
61754
9793
9104
20530
12682
22764
21330
33177
59407
52702
36383
31454
1786
36002
7022
40690
7816
30521
29221
46694
51547
61846
1174
59779
51263
59978
43169
60697
44321
3080
52983
20705
42970
13327
9055
3186
15968
2340
49045
41658
43814
58710
10777
8577
36989
58155
29950
44389
17443
14538
63024
24836
23631
39351
62882
55765
25674
54796
62927
38169
52103
40183
49955
5386
44167
11186
36476
59624
61828
54000
344
866
31131
58997
28264
4261
6882
44550
10988
41586
61917
57322
23295
23252
11877
42107
24758
45121
7841
64400
62090
19877
21267
63647
7234
26889
26807
52490
1513
4566
61601
10702
61746
28391
33972
36562
1712
4725
59523
38533
5206
63761
63759
58560
34096
59237
38720
53298
37563
47742
60740
8742
57656
54928
50911
57720
32258
18971
56950
20336
8085
63000
15497
20497
54969
14574
11077
63347
19870
16380
62657
62346
43166
27866
9702
55523
64344
46592
29370
53893
40946
51397
32924
62630
7153
2769
49336
6192
23111
42344
30239
5610
2987
9126
57490
56366
55412
8201
1195
56639
37238
11244
29853
59160
49817
52960
61341
35860
29130
58028
23223
54859
41569
64746
244
19041
36741
16322
52282
450
53983
10601
12571
25691
42713
36116
22250
20243
43200
10585
61634
2668
26008
38490
44112
44257
16565
62360
52661
29157
868
41004
54793
19033
30008
53892
4343
53523
33675
28006
55013
48768
47139
28742
49555
38326
31135
47127
8694
15218
61374
62769
44256
24826
33041
10629
39403
39393
548
14777
45617
51317
38741
2820
64577
33112
27967
57353
38184
38870
12131
40871
46396
12845
9385
830
1842
21295
9361
21763
6829
32283
62007
3255
28115
1561
43548
49045
62697
19685
49415
10782
10447
29
62445
42365
3724
41617
36415
53496
49242
64275
40011
12444
15581
32012
13799
46848
28888
19567
47528
48978
62444
1863
62861
43144
65236
11942
11958
45406
720
36902
18839
45223
39747
58400
65120
64672
34193
27586
48491
6389
58671
29043
21597
19399
29594
26094
25058
57622
50009
61637
33417
59170
29397
46319
57504
28759
58759
3221
27168
44578
49352
27606
36430
28189
14960
1124
42901
63040
5189
17393
28876
57324
35979
47573
24229
14938
21397
13642
59862
58945
50487
43349
46031
9145
56360
48667
39354
45970
2803
23913
55148
40019
57906
59828
6419
41747
3233
57372
1519
18423
8136
7999
23464
42803
20755
59962
2079
63607
42074
33100
59872
41440
20311
5200
36183
28422
5789
12085
41338
39682
27003
6562
12552
853
9288
2463
22885
13258
41159
20864
7189
38698
11327
46003
38894
10159
65449
57276
63947
37747
26870
27368
34216
9802
17089
49442
26503
35362
571
63323
27322
54126
16345
50479
7495
32318
30388
26403
20352
17678
59054
47741
52415
49672
48814
32535
52385
59633
31966
36735
7090
53530
25365
52203
45579
22075
58198
60835
11673
35542
33977
1714
61310
12603
18711
57572
59369
47005
31017
4114
5261
61981
44091
29284
31614
53650
13263
7615
53568
4445
61300
47266
50416
40940
11032
54797
7111
55085
6027
50253
50406
21018
51919
64950
731
52499
31117
64743
51370
28215
52735
3089
49095
39814
16291
62626
55942
5271
3058
29282
20016
61257
45012
30510
47296
53347
23858
41733
43809
56508
3365
39786
57649
27541
16023
60813
57314
6529
49364
60453
14022
715
49610
5419
10408
20239
46758
20589
25976
58297
11218
7915
55848
47902
31880
14353
28805
38708
23427
13720
9361
19724
49903
46409
50669
54820
45796
43353
30089
29077
20677
39107
51592
3797
51192
356
1555
51343
23244
22905
2349
36463
37489
52809
5272
4734
29623
36357
13010
22673
9517
27565
26223
48678
63352
366
29836
13656
17309
10378
61334
41098
59763
63890
9681
33869
19562
23884
60028
35803
47769
6567
30849
61701
1008
53058
15638
44129
20894
26507
30585
15467
49778
24927
50072
52319
64716
24262
51139
60409
27414
31282
64649
57953
43556
43132
30883
54892
23050
46988
40212
38814
57293
954
44568
13217
10605
32836
51142
50749
29705
9687
6288
2995
50640
50446
64281
18866
61739
57047
64474
40843
52332
51539
20613
56713
59208
39420
65196
43885
38507
7551
20467
12608
10905
26375
6959
12866
42457
3131
28359
51745
8909
5317
53373
54942
25107
40049
19678
50733
56519
35313
9205
42186
13019
62002
58683
5501
34169
30093
6349
38735
4703
18623
13119
18888
20957
42025
865
3524
40916
63580
16534
44510
40261
50122
34049
58341
38264
64171
11093
61769
13436
9316
3159
54578
17948
10412
30422
22122
22896
3867
28072
24471
28561
64953
58713
64445
2144
41649
34161
26082
16518
767
11138
35620
27848
49127
57151
26889
59841
10071
2588
21586
16778
29872
2488
19837
29631
12166
48606
39372
3330
33143
38951
18448
56098
6974
16392
41480
50954
2008
53528
48183
42876
54122
34317
61604
31783
11929
45259
35731
18770
46752
51627
58823
61008
35509
13699
38182
36225
41149
58922
58388
2327
27079
58118
59538
23872
56085
671
2006
15391
44596
2507
32830
54139
64168
5210
27703
29729
51662
42414
11095
26955
4687
16380
62907
30725
34793
38697
44781
40106
50909
49863
39753
58537
50173
37216
3007
64960
50063
55594
12666
57206
56933
22150
17499
99
50519
2714
52731
56550
48341
50037
62901
18591
62432
24119
62265
34161
26757
47718
37462
27238
34638
16096
54953
55479
59456
13365
5830
15804
51735
16535
15951
11194
51403
40600
39894
64003
24190
35950
42102
33926
57933
13623
16862
17458
20370
29532
35494
8875
19899
12941
36397
15645
56744
35755
10058
47429
10600
36087
31272
26152
9923
51169
58266
64666
49208
29547
8669
58356
50013
10585
29113
43638
58144
58530
13842
16367
12409
3050
40225
8654
51433
35536
5128
19152
26630
35664
22978
62292
37993
32020
43895
11118
22762
11832
110
37388
46495
42828
10637
63092
2108
54822
6530
28675
46698
24582
46566
25829
1424
61070
37094
